795,144,71,197,121.79432762
795.14902163,142.55586707,72.42,200.94,57.093639163
797.28731069,143.73813554,71,197,65.664930639
795.95388992,142.94864518,71,197,55.443959187
794.83725103,143.20065108,71,197,66.442352854
794.18093392,142.79189147,71,197,69.120160491
794.54400313,143.07616435,71,197,68.707966613
826.59021243,160.93852497,68.242983468,189.3502499,68.897688655
841.02443837,159.67196225,66.904885753,185.63749991,68.25617087
848.85407026,166.07439094,66.904885753,185.63749991,68.486864904
860.11002928,163.29479938,65.593025248,181.99754893,68.643555297
874.80028265,159.82151658,64.306887498,178.42896954,66.09800351
888.26250044,151.10378108,63.045968135,174.93036229,63.588904347
902.36943789,166.82185869,63.045968135,174.93036229,63.644405975
914.41658718,178.07152775,63.045968135,174.93036229,68.097476362
921.02493003,170.17986049,65.593025248,181.99754893,68.004020126
925.86232063,168.70489017,65.593025248,181.99754893,68.754010937
931.88172255,171.3009692,65.593025248,181.99754893,63.91400141
933.58985746,169.30793471,64.306887498,178.42896954,62.77048587
934.34375595,170.88730201,63.045968135,174.93036229,62.6097745
933.49913037,169.05919029,63.045968135,174.93036229,68.913072017
928.46723797,166.58964178,63.045968135,174.93036229,69.151549216
919.87696926,173.37701131,59.409623877,164.84078738,68.958088791
908.74647224,174.19596685,58.244729291,161.60861508,67.250092603
907.39407804,163.20058662,58.244729291,161.60861508,66.512433202
894.61689326,162.62144685,60.597816354,168.13760312,66.221815002
880.87796498,166.27258132,63.045968135,174.93036229,68.68205456
869.41013373,160.78064097,61.809772682,171.50035519,68.453438314
854.39632565,158.76478656,61.809772682,171.50035519,68.830249188
842.63715175,160.64560739,61.809772682,171.50035519,66.386317249
829.14931364,165.38219292,61.809772682,171.50035519,66.205019069
817.24818402,161.47808522,60.597816354,168.13760312,66.404964701
805.10844775,152.70941434,60.597816354,168.13760312,67.789982837
794.75354253,157.37730656,61.809772682,171.50035519,68.231995061
799.58996352,157.83261777,61.809772682,171.50035519,68.316897768
787.44368148,173.87117518,61.809772682,171.50035519,68.944082764
770.2157199,156.61784858,64.306887498,178.42896954,69.222763352
741.89755597,154.8979845,64.306887498,178.42896954,66.54732513
730.95364945,148.6918219,65.593025248,181.99754893,66.399968978
716.23601546,150.51453827,65.593025248,181.99754893,60.141339364
703.75135458,159.03389161,66.904885753,185.63749991,66.511225499
695.49384489,162.46163149,65.593025248,181.99754893,68.381838167
679.94383478,161.98670996,66.904885753,185.63749991,68.522188135
668.35960721,161.44263431,66.904885753,185.63749991,63.915582344
651.02228374,171.15139084,66.904885753,185.63749991,63.359724137
653.0442912,175.92082919,65.593025248,181.99754893,62.203979039
651.38852298,175.3876294,66.904885753,185.63749991,62.69307508
636.63054281,158.21428708,68.242983468,189.3502499,62.368464908
639.20285271,159.55537409,68.242983468,189.3502499,62.422260877
653.63566931,201.27553057,68.242983468,189.3502499,62.02200032
659.17290083,201.71870396,68.242983468,189.3502499,62.670133746
661.17205826,202.8290169,69.607843137,193.1372549,63.563953314
670.66643108,203.00043821,72.42,200.94,63.184297792
683.67775608,214.20806937,72.42,200.94,63.369312105
694.26148132,216.08170497,71,197,63.240050885
702.56769226,219.65410715,71,197,63.602068823
710.8983399,218.57421959,69.607843137,193.1372549,62.001200343
725.2737807,218.02841271,69.607843137,193.1372549,63.294095636
738.8087173,217.15226995,71,197,63.752615371
755.36065922,218.34883103,69.607843137,193.1372549,63.478045927
772.01485548,215.33790562,69.607843137,193.1372549,64.289882566
786.82182527,154.57011896,68.242983468,189.3502499,64.696473583
799.54221666,154.26123663,65.593025248,181.99754893,64.788604825
798.46356462,146.08055417,66.904885753,185.63749991,65.021446349
800.05743584,149.66288596,65.593025248,181.99754893,64.530146645
798.70303863,150.19874834,66.904885753,185.63749991,64.273106198
799.60966515,149.62513935,66.904885753,185.63749991,63.561323138
797.90600124,149.91767177,66.904885753,185.63749991,64.325617304
795.81391269,146.01925837,69.607843137,193.1372549,65.114408621
795.60619786,147.85521483,68.242983468,189.3502499,64.674916383
794.95440116,148.05606107,68.242983468,189.3502499,63.978842964
795.11509741,150.04084037,66.904885753,185.63749991,65.86270261
794.9472449,149.54572752,66.904885753,185.63749991,65.886053102
795.21360481,149.29529194,66.904885753,185.63749991,63.341567948
795.15694176,149.04999717,66.904885753,185.63749991,63.468739234
795.34654396,149.81638318,66.904885753,185.63749991,62.895261339
795.39602592,149.53902589,66.904885753,185.63749991,62.182743642
795.29988427,149.09641094,66.904885753,185.63749991,62.648712381
795.50832869,149.45107457,66.904885753,185.63749991,62.98206869
795.39901125,149.18146044,66.904885753,185.63749991,62.21371581
795.35246466,148.96115253,66.904885753,185.63749991,62.280845383
795.50543863,149.47602342,66.904885753,185.63749991,63.284626531
795.29760839,149.27675006,66.904885753,185.63749991,57.251051816
795.39902349,149.10294257,66.904885753,185.63749991,66.270374247
795.48971373,149.4958296,66.904885753,185.63749991,60.61804461
795.39610333,149.31581993,66.904885753,185.63749991,68.251097699
795.33996577,149.06576951,66.904885753,185.63749991,69.359228925
795.19295162,149.4743046,66.904885753,185.63749991,67.413291339
795.05466873,149.21954706,66.904885753,185.63749991,62.240004053
794.94744988,149.00492664,66.904885753,185.63749991,61.780286689
794.78560175,148.77165686,66.904885753,185.63749991,63.578029061
794.728152,148.69752873,66.904885753,185.63749991,62.13245546
794.91299109,148.6937237,66.904885753,185.63749991,63.393636319
795.11845056,148.91169362,66.904885753,185.63749991,64.630094823
794.71969433,148.68196486,66.904885753,185.63749991,66.066020832
794.70898612,149.00442591,66.904885753,185.63749991,69.11535934
795.42069825,148.83462309,66.904885753,185.63749991,68.653498926
795.7687153,148.63989625,66.904885753,185.63749991,68.609641397
795.95941792,148.43040665,66.904885753,185.63749991,67.701034668
796.28811654,148.27287095,66.904885753,185.63749991,66.238562422
795.90894312,146.36134934,68.242983468,189.3502499,65.642938779
795.29672405,144.87872783,69.607843137,193.1372549,68.103737247
795.32193068,147.5946114,68.242983468,189.3502499,61.974130139
795.465954,147.31940791,68.242983468,189.3502499,66.419471107
795.35634088,147.67198758,68.242983468,189.3502499,68.810910988
795.15224951,147.49813611,68.242983468,189.3502499,68.671074617
795.38716687,149.35963446,66.904885753,185.63749991,67.572704006
795.40347699,149.12831924,66.904885753,185.63749991,66.090948415
794.99089883,147.42755233,68.242983468,189.3502499,66.615115449
795.45354902,149.39666813,66.904885753,185.63749991,69.169045967
794.90649609,147.39400314,68.242983468,189.3502499,68.839673571
795.36708731,149.22368788,66.904885753,185.63749991,68.730539377
795.59016327,148.97162903,66.904885753,185.63749991,67.596035547
795.34588707,149.26352943,66.904885753,185.63749991,66.846885871
795.48223504,149.04938054,66.904885753,185.63749991,66.580028295
795.5279265,149.20334088,66.904885753,185.63749991,68.819828039
795.63885356,149.12887414,66.904885753,185.63749991,68.565045362
795.41781232,149.23444546,66.904885753,185.63749991,63.718115137
795.6072635,149.04533207,66.904885753,185.63749991,63.382225114
795.42729682,149.24248243,66.904885753,185.63749991,64.121414154
795.52145829,149.04088423,66.904885753,185.63749991,63.428055523
795.60603608,149.15537076,66.904885753,185.63749991,63.068137491
795.45319625,149.16916936,66.904885753,185.63749991,62.132420716
794.90797862,147.41045752,68.242983468,189.3502499,62.713248563
795.33708415,148.94304112,66.904885753,185.63749991,61.007694595
795.23793215,149.06228316,66.904885753,185.63749991,62.606728821
795.43516214,148.9284753,66.904885753,185.63749991,63.55748937
795.65900728,148.99631035,66.904885753,185.63749991,62.952633368
795.00223518,147.43334446,68.242983468,189.3502499,62.71057427
794.88049598,147.7040139,68.242983468,189.3502499,65.86698873
795.29816336,149.64384404,66.904885753,185.63749991,65.13860616
794.83209576,149.75024648,66.904885753,185.63749991,65.196919472
794.66647525,149.83990223,66.904885753,185.63749991,69.293874629
794.49763785,149.75095443,66.904885753,185.63749991,68.350845162
794.64767358,149.37313455,66.904885753,185.63749991,65.826436094
794.63346723,149.11362174,66.904885753,185.63749991,68.710851134
794.72740653,149.24552062,66.904885753,185.63749991,68.708537833
794.66118299,149.13298382,66.904885753,185.63749991,63.571622874
794.81142157,149.37437511,66.904885753,185.63749991,65.490535242
795.4802357,149.53340015,66.904885753,185.63749991,63.883231674
795.72269072,147.806771,68.242983468,189.3502499,64.209868672
796.63502489,147.52514702,68.242983468,189.3502499,62.174794736
796.39915641,145.73742004,69.607843137,193.1372549,62.519439638
795.83378529,145.97723401,69.607843137,193.1372549,63.041021991
795.90672599,146.30021451,69.607843137,193.1372549,62.715777552
795.5605341,144.65559838,71,197,63.205004421
795.44700268,144.66569716,71,197,63.648327207
795.63776325,146.72332339,69.607843137,193.1372549,62.82930409
794.38418125,148.56394992,68.242983468,189.3502499,63.212483707
794.21534289,148.63834584,68.242983468,189.3502499,63.953646397
794.47003906,148.95608334,68.242983468,189.3502499,63.437442847
794.44923212,149.00417425,68.242983468,189.3502499,63.471385925
794.64874194,148.93458696,68.242983468,189.3502499,62.138872177
795.1683825,148.76120511,68.242983468,189.3502499,63.543434829
795.06949082,148.79270409,68.242983468,189.3502499,63.496490105
795.67848349,148.67795028,68.242983468,189.3502499,65.623821027
795.75293678,149.09322979,68.242983468,189.3502499,65.516983378
795.26464407,147.15076169,69.607843137,193.1372549,64.548494897
794.48806467,147.58720538,69.607843137,193.1372549,64.954112518
795.15985237,149.29573425,68.242983468,189.3502499,65.197085247
794.69711412,147.49467433,69.607843137,193.1372549,64.413337812
795.28954783,149.18967121,68.242983468,189.3502499,63.866638284
795.55795836,149.26596837,68.242983468,189.3502499,64.092711902
794.5305972,145.54530327,71,197,64.0192365
794.99931022,146.93780803,69.607843137,193.1372549,66.201968568
795.5448966,149.13856158,68.242983468,189.3502499,64.432300531
795.87009851,149.21239395,68.242983468,189.3502499,65.705668697
795.39971397,147.36051027,69.607843137,193.1372549,68.741335155
794.78714198,147.75829255,69.607843137,193.1372549,68.895462435
794.81232209,147.55308565,69.607843137,193.1372549,68.63736908
794.82360281,147.44675093,69.607843137,193.1372549,66.354305983
795.5404575,149.18250494,68.242983468,189.3502499,68.240813916
795.84381458,149.27182538,68.242983468,189.3502499,64.992921296
794.80734465,145.50461935,71,197,64.32381328
795.6253617,147.06990201,69.607843137,193.1372549,68.838711587
795.8139018,149.29566962,68.242983468,189.3502499,68.577933678
795.6305855,147.37441433,69.607843137,193.1372549,68.886506793
794.96658892,147.73472555,69.607843137,193.1372549,68.911177214
794.83794336,147.6357542,69.607843137,193.1372549,66.538141592
795.48925234,149.25711485,68.242983468,189.3502499,66.131915183
795.84980214,149.05235534,68.242983468,189.3502499,65.83170559
795.91218102,148.9521642,68.242983468,189.3502499,68.955506804
795.49890956,149.03101931,68.242983468,189.3502499,65.952193365
795.44401148,147.23661118,69.607843137,193.1372549,66.019272874
794.62071496,147.78162567,69.607843137,193.1372549,65.730109017
794.78716129,149.94881341,68.242983468,189.3502499,68.683545236
794.81048025,149.28784711,68.242983468,189.3502499,63.619496373
794.14701016,147.59442395,69.607843137,193.1372549,63.5932919
